(kicad_pcb (version 20171130) (host pcbnew "(5.1.9)-1")

  (general
    (thickness 1.6)
    (drawings 7)
    (tracks 219)
    (zones 0)
    (modules 28)
    (nets 23)
  )

  (page A4)
  (layers
    (0 F.Cu signal)
    (31 B.Cu signal)
    (32 B.Adhes user)
    (33 F.Adhes user)
    (34 B.Paste user)
    (35 F.Paste user)
    (36 B.SilkS user hide)
    (37 F.SilkS user)
    (38 B.Mask user hide)
    (39 F.Mask user hide)
    (40 Dwgs.User user hide)
    (41 Cmts.User user hide)
    (42 Eco1.User user hide)
    (43 Eco2.User user hide)
    (44 Edge.Cuts user)
    (45 Margin user hide)
    (46 B.CrtYd user hide)
    (47 F.CrtYd user hide)
    (48 B.Fab user hide)
    (49 F.Fab user hide)
  )

  (setup
    (last_trace_width 1)
    (user_trace_width 0.2)
    (user_trace_width 0.5)
    (user_trace_width 1)
    (user_trace_width 2)
    (user_trace_width 2.5)
    (user_trace_width 5)
    (trace_clearance 0.2)
    (zone_clearance 0.508)
    (zone_45_only no)
    (trace_min 0.2)
    (via_size 0.8)
    (via_drill 0.4)
    (via_min_size 0.4)
    (via_min_drill 0.3)
    (uvia_size 0.3)
    (uvia_drill 0.1)
    (uvias_allowed no)
    (uvia_min_size 0.2)
    (uvia_min_drill 0.1)
    (edge_width 0.05)
    (segment_width 0.2)
    (pcb_text_width 0.3)
    (pcb_text_size 1.5 1.5)
    (mod_edge_width 0.12)
    (mod_text_size 1 1)
    (mod_text_width 0.15)
    (pad_size 1.524 1.524)
    (pad_drill 0.762)
    (pad_to_mask_clearance 0)
    (aux_axis_origin 0 0)
    (visible_elements FFFFFF7F)
    (pcbplotparams
      (layerselection 0x010fc_ffffffff)
      (usegerberextensions false)
      (usegerberattributes true)
      (usegerberadvancedattributes true)
      (creategerberjobfile true)
      (excludeedgelayer true)
      (linewidth 0.100000)
      (plotframeref false)
      (viasonmask false)
      (mode 1)
      (useauxorigin false)
      (hpglpennumber 1)
      (hpglpenspeed 20)
      (hpglpendiameter 15.000000)
      (psnegative false)
      (psa4output false)
      (plotreference true)
      (plotvalue true)
      (plotinvisibletext false)
      (padsonsilk false)
      (subtractmaskfromsilk false)
      (outputformat 1)
      (mirror false)
      (drillshape 1)
      (scaleselection 1)
      (outputdirectory ""))
  )

  (net 0 "")
  (net 1 "Net-(BT1-Pad1)")
  (net 2 "Net-(BT1-Pad2)")
  (net 3 "Net-(BT2-Pad2)")
  (net 4 GND)
  (net 5 "Net-(C1-Pad1)")
  (net 6 "Net-(C1-Pad2)")
  (net 7 VCC)
  (net 8 "Net-(C5-Pad1)")
  (net 9 "Net-(C7-Pad1)")
  (net 10 "Net-(C7-Pad2)")
  (net 11 /*SMBALERT)
  (net 12 VDD)
  (net 13 "Net-(L1-Pad2)")
  (net 14 "Net-(Q1-Pad4)")
  (net 15 "Net-(Q1-Pad5)")
  (net 16 "Net-(Q2-Pad4)")
  (net 17 "Net-(R2-Pad2)")
  (net 18 /SCL)
  (net 19 /SDA)
  (net 20 "Net-(TH1-Pad2)")
  (net 21 "Net-(TH1-Pad1)")
  (net 22 "Net-(J2-Pad1)")

  (net_class Default "This is the default net class."
    (clearance 0.2)
    (trace_width 0.25)
    (via_dia 0.8)
    (via_drill 0.4)
    (uvia_dia 0.3)
    (uvia_drill 0.1)
    (add_net /*SMBALERT)
    (add_net /SCL)
    (add_net /SDA)
    (add_net GND)
    (add_net "Net-(BT1-Pad1)")
    (add_net "Net-(BT1-Pad2)")
    (add_net "Net-(BT2-Pad2)")
    (add_net "Net-(C1-Pad1)")
    (add_net "Net-(C1-Pad2)")
    (add_net "Net-(C5-Pad1)")
    (add_net "Net-(C7-Pad1)")
    (add_net "Net-(C7-Pad2)")
    (add_net "Net-(J2-Pad1)")
    (add_net "Net-(L1-Pad2)")
    (add_net "Net-(Q1-Pad4)")
    (add_net "Net-(Q1-Pad5)")
    (add_net "Net-(Q2-Pad4)")
    (add_net "Net-(R2-Pad2)")
    (add_net "Net-(TH1-Pad1)")
    (add_net "Net-(TH1-Pad2)")
    (add_net VCC)
    (add_net VDD)
  )

  (module Inductor_SMD:L_2010_5025Metric_Pad1.52x2.65mm_HandSolder (layer F.Cu) (tedit 5F68FEF0) (tstamp 6093D26A)
    (at 106.75 70.25 90)
    (descr "Inductor SMD 2010 (5025 Metric), square (rectangular) end terminal, IPC_7351 nominal with elongated pad for handsoldering. (Body size source: http://www.tortai-tech.com/upload/download/2011102023233369053.pdf), generated with kicad-footprint-generator")
    (tags "inductor handsolder")
    (path /60B44BC2)
    (attr smd)
    (fp_text reference L1 (at 5 0.25 180) (layer F.SilkS)
      (effects (font (size 1 1) (thickness 0.15)))
    )
    (fp_text value L_Small (at 0 4.45 90) (layer F.Fab)
      (effects (font (size 1 1) (thickness 0.15)))
    )
    (fp_text user %R (at 0 0 270) (layer F.Fab)
      (effects (font (size 1 1) (thickness 0.15)))
    )
    (fp_line (start -2.5 1.25) (end -2.5 -1.25) (layer F.Fab) (width 0.1))
    (fp_line (start -2.5 -1.25) (end 2.5 -1.25) (layer F.Fab) (width 0.1))
    (fp_line (start 2.5 -1.25) (end 2.5 1.25) (layer F.Fab) (width 0.1))
    (fp_line (start 2.5 1.25) (end -2.5 1.25) (layer F.Fab) (width 0.1))
    (fp_line (start -1.402064 -1.36) (end 1.402064 -1.36) (layer F.SilkS) (width 0.12))
    (fp_line (start -1.402064 1.36) (end 1.402064 1.36) (layer F.SilkS) (width 0.12))
    (fp_line (start -3.35 1.58) (end -3.35 -1.58) (layer F.CrtYd) (width 0.05))
    (fp_line (start -3.35 -1.58) (end 3.35 -1.58) (layer F.CrtYd) (width 0.05))
    (fp_line (start 3.35 -1.58) (end 3.35 1.58) (layer F.CrtYd) (width 0.05))
    (fp_line (start 3.35 1.58) (end -3.35 1.58) (layer F.CrtYd) (width 0.05))
    (pad 2 smd roundrect (at 2.3375 0 90) (size 1.525 2.65) (layers F.Cu F.Paste F.Mask) (roundrect_rratio 0.163934)
      (net 13 "Net-(L1-Pad2)"))
    (pad 1 smd roundrect (at -2.3375 0 90) (size 1.525 2.65) (layers F.Cu F.Paste F.Mask) (roundrect_rratio 0.163934)
      (net 10 "Net-(C7-Pad2)"))
    (model ${KISYS3DMOD}/Inductor_SMD.3dshapes/L_2010_5025Metric.wrl
      (at (xyz 0 0 0))
      (scale (xyz 1 1 1))
      (rotate (xyz 0 0 0))
    )
  )

  (module Battery:BatteryHolder_Keystone_1042_1x18650 (layer F.Cu) (tedit 5A033499) (tstamp 6093D0E5)
    (at 166.25 44.25)
    (descr "Battery holder for 18650 cylindrical cells http://www.keyelco.com/product.cfm/product_id/918")
    (tags "18650 Keystone 1042 Li-ion")
    (path /60C0A4AD)
    (attr smd)
    (fp_text reference BT1 (at 0 -11.5) (layer F.SilkS)
      (effects (font (size 1 1) (thickness 0.15)))
    )
    (fp_text value Battery_Cell (at 0 11.3) (layer F.Fab)
      (effects (font (size 1 1) (thickness 0.15)))
    )
    (fp_line (start -42.5 -4.75) (end -42.5 -7.25) (layer F.SilkS) (width 0.12))
    (fp_line (start -43.75 -6) (end -41.25 -6) (layer F.SilkS) (width 0.12))
    (fp_line (start -39.03 3.68) (end -43.5 3.68) (layer F.CrtYd) (width 0.05))
    (fp_line (start -43.5 3.68) (end -43.5 -3.68) (layer F.CrtYd) (width 0.05))
    (fp_line (start -43.5 -3.68) (end -39.03 -3.68) (layer F.CrtYd) (width 0.05))
    (fp_line (start 43.5 -3.68) (end 39.03 -3.68) (layer F.CrtYd) (width 0.05))
    (fp_line (start 39.03 3.68) (end 43.5 3.68) (layer F.CrtYd) (width 0.05))
    (fp_line (start -39.03 -10.83) (end -39.03 -3.68) (layer F.CrtYd) (width 0.05))
    (fp_line (start -39.03 10.83) (end -39.03 3.68) (layer F.CrtYd) (width 0.05))
    (fp_line (start 39.03 -10.83) (end 39.03 -3.68) (layer F.CrtYd) (width 0.05))
    (fp_line (start -39.03 -10.83) (end 39.03 -10.83) (layer F.CrtYd) (width 0.05))
    (fp_line (start -39.03 10.83) (end 39.03 10.83) (layer F.CrtYd) (width 0.05))
    (fp_line (start 38.53 -10.33) (end 38.53 10.33) (layer F.Fab) (width 0.1))
    (fp_line (start -33.3675 -10.33) (end 38.53 -10.33) (layer F.Fab) (width 0.1))
    (fp_line (start 43.75 -6) (end 41.25 -6) (layer F.SilkS) (width 0.12))
    (fp_line (start -38.53 -5.1675) (end -38.53 10.33) (layer F.Fab) (width 0.1))
    (fp_line (start -38.53 10.33) (end 38.53 10.33) (layer F.Fab) (width 0.1))
    (fp_line (start 38.64 -3.44) (end 38.64 -10.42) (layer F.SilkS) (width 0.12))
    (fp_line (start 38.64 -10.44) (end -38.64 -10.44) (layer F.SilkS) (width 0.12))
    (fp_line (start -38.64 -10.44) (end -38.64 -3.44) (layer F.SilkS) (width 0.12))
    (fp_line (start 38.64 3.44) (end 38.64 10.44) (layer F.SilkS) (width 0.12))
    (fp_line (start 38.64 10.44) (end -38.64 10.44) (layer F.SilkS) (width 0.12))
    (fp_line (start -38.64 10.44) (end -38.64 3.44) (layer F.SilkS) (width 0.12))
    (fp_line (start 39.03 10.83) (end 39.03 3.68) (layer F.CrtYd) (width 0.05))
    (fp_line (start 43.5 3.68) (end 43.5 -3.68) (layer F.CrtYd) (width 0.05))
    (fp_line (start -38.64 -3.44) (end -43 -3.44) (layer F.SilkS) (width 0.12))
    (fp_line (start -33.3675 -10.33) (end -38.53 -5.1675) (layer F.Fab) (width 0.1))
    (fp_text user %R (at 0 0) (layer F.Fab)
      (effects (font (size 1 1) (thickness 0.15)))
    )
    (pad 1 smd rect (at -39.33 0) (size 7.34 6.35) (layers F.Cu F.Paste F.Mask)
      (net 1 "Net-(BT1-Pad1)"))
    (pad 2 smd rect (at 39.33 0) (size 7.34 6.35) (layers F.Cu F.Paste F.Mask)
      (net 2 "Net-(BT1-Pad2)"))
    (pad "" np_thru_hole circle (at 27.6 -8) (size 3.45 3.45) (drill 3.45) (layers *.Cu *.Mask))
    (pad "" np_thru_hole circle (at -27.6 8) (size 3.45 3.45) (drill 3.45) (layers *.Cu *.Mask))
    (pad "" np_thru_hole circle (at -35.93 -8) (size 2.39 2.39) (drill 2.39) (layers *.Cu *.Mask))
    (model ${KISYS3DMOD}/Battery.3dshapes/BatteryHolder_Keystone_1042_1x18650.wrl
      (at (xyz 0 0 0))
      (scale (xyz 1 1 1))
      (rotate (xyz 0 0 0))
    )
  )

  (module Battery:BatteryHolder_Keystone_1042_1x18650 (layer F.Cu) (tedit 5A033499) (tstamp 6093D10A)
    (at 166 66.75)
    (descr "Battery holder for 18650 cylindrical cells http://www.keyelco.com/product.cfm/product_id/918")
    (tags "18650 Keystone 1042 Li-ion")
    (path /60C0AE93)
    (attr smd)
    (fp_text reference BT2 (at 0 -11.5) (layer F.SilkS)
      (effects (font (size 1 1) (thickness 0.15)))
    )
    (fp_text value Battery_Cell (at 0 11.3) (layer F.Fab)
      (effects (font (size 1 1) (thickness 0.15)))
    )
    (fp_text user %R (at 0 0) (layer F.Fab)
      (effects (font (size 1 1) (thickness 0.15)))
    )
    (fp_line (start -33.3675 -10.33) (end -38.53 -5.1675) (layer F.Fab) (width 0.1))
    (fp_line (start -38.64 -3.44) (end -43 -3.44) (layer F.SilkS) (width 0.12))
    (fp_line (start 43.5 3.68) (end 43.5 -3.68) (layer F.CrtYd) (width 0.05))
    (fp_line (start 39.03 10.83) (end 39.03 3.68) (layer F.CrtYd) (width 0.05))
    (fp_line (start -38.64 10.44) (end -38.64 3.44) (layer F.SilkS) (width 0.12))
    (fp_line (start 38.64 10.44) (end -38.64 10.44) (layer F.SilkS) (width 0.12))
    (fp_line (start 38.64 3.44) (end 38.64 10.44) (layer F.SilkS) (width 0.12))
    (fp_line (start -38.64 -10.44) (end -38.64 -3.44) (layer F.SilkS) (width 0.12))
    (fp_line (start 38.64 -10.44) (end -38.64 -10.44) (layer F.SilkS) (width 0.12))
    (fp_line (start 38.64 -3.44) (end 38.64 -10.42) (layer F.SilkS) (width 0.12))
    (fp_line (start -38.53 10.33) (end 38.53 10.33) (layer F.Fab) (width 0.1))
    (fp_line (start -38.53 -5.1675) (end -38.53 10.33) (layer F.Fab) (width 0.1))
    (fp_line (start 43.75 -6) (end 41.25 -6) (layer F.SilkS) (width 0.12))
    (fp_line (start -33.3675 -10.33) (end 38.53 -10.33) (layer F.Fab) (width 0.1))
    (fp_line (start 38.53 -10.33) (end 38.53 10.33) (layer F.Fab) (width 0.1))
    (fp_line (start -39.03 10.83) (end 39.03 10.83) (layer F.CrtYd) (width 0.05))
    (fp_line (start -39.03 -10.83) (end 39.03 -10.83) (layer F.CrtYd) (width 0.05))
    (fp_line (start 39.03 -10.83) (end 39.03 -3.68) (layer F.CrtYd) (width 0.05))
    (fp_line (start -39.03 10.83) (end -39.03 3.68) (layer F.CrtYd) (width 0.05))
    (fp_line (start -39.03 -10.83) (end -39.03 -3.68) (layer F.CrtYd) (width 0.05))
    (fp_line (start 39.03 3.68) (end 43.5 3.68) (layer F.CrtYd) (width 0.05))
    (fp_line (start 43.5 -3.68) (end 39.03 -3.68) (layer F.CrtYd) (width 0.05))
    (fp_line (start -43.5 -3.68) (end -39.03 -3.68) (layer F.CrtYd) (width 0.05))
    (fp_line (start -43.5 3.68) (end -43.5 -3.68) (layer F.CrtYd) (width 0.05))
    (fp_line (start -39.03 3.68) (end -43.5 3.68) (layer F.CrtYd) (width 0.05))
    (fp_line (start -43.75 -6) (end -41.25 -6) (layer F.SilkS) (width 0.12))
    (fp_line (start -42.5 -4.75) (end -42.5 -7.25) (layer F.SilkS) (width 0.12))
    (pad "" np_thru_hole circle (at -35.93 -8) (size 2.39 2.39) (drill 2.39) (layers *.Cu *.Mask))
    (pad "" np_thru_hole circle (at -27.6 8) (size 3.45 3.45) (drill 3.45) (layers *.Cu *.Mask))
    (pad "" np_thru_hole circle (at 27.6 -8) (size 3.45 3.45) (drill 3.45) (layers *.Cu *.Mask))
    (pad 2 smd rect (at 39.33 0) (size 7.34 6.35) (layers F.Cu F.Paste F.Mask)
      (net 3 "Net-(BT2-Pad2)"))
    (pad 1 smd rect (at -39.33 0) (size 7.34 6.35) (layers F.Cu F.Paste F.Mask)
      (net 2 "Net-(BT1-Pad2)"))
    (model ${KISYS3DMOD}/Battery.3dshapes/BatteryHolder_Keystone_1042_1x18650.wrl
      (at (xyz 0 0 0))
      (scale (xyz 1 1 1))
      (rotate (xyz 0 0 0))
    )
  )

  (module Battery:BatteryHolder_Keystone_1042_1x18650 (layer F.Cu) (tedit 5A033499) (tstamp 6093D12F)
    (at 166 89)
    (descr "Battery holder for 18650 cylindrical cells http://www.keyelco.com/product.cfm/product_id/918")
    (tags "18650 Keystone 1042 Li-ion")
    (path /60C0B286)
    (attr smd)
    (fp_text reference BT3 (at 0 -11.5) (layer F.SilkS)
      (effects (font (size 1 1) (thickness 0.15)))
    )
    (fp_text value Battery_Cell (at 0 11.3) (layer F.Fab)
      (effects (font (size 1 1) (thickness 0.15)))
    )
    (fp_line (start -42.5 -4.75) (end -42.5 -7.25) (layer F.SilkS) (width 0.12))
    (fp_line (start -43.75 -6) (end -41.25 -6) (layer F.SilkS) (width 0.12))
    (fp_line (start -39.03 3.68) (end -43.5 3.68) (layer F.CrtYd) (width 0.05))
    (fp_line (start -43.5 3.68) (end -43.5 -3.68) (layer F.CrtYd) (width 0.05))
    (fp_line (start -43.5 -3.68) (end -39.03 -3.68) (layer F.CrtYd) (width 0.05))
    (fp_line (start 43.5 -3.68) (end 39.03 -3.68) (layer F.CrtYd) (width 0.05))
    (fp_line (start 39.03 3.68) (end 43.5 3.68) (layer F.CrtYd) (width 0.05))
    (fp_line (start -39.03 -10.83) (end -39.03 -3.68) (layer F.CrtYd) (width 0.05))
    (fp_line (start -39.03 10.83) (end -39.03 3.68) (layer F.CrtYd) (width 0.05))
    (fp_line (start 39.03 -10.83) (end 39.03 -3.68) (layer F.CrtYd) (width 0.05))
    (fp_line (start -39.03 -10.83) (end 39.03 -10.83) (layer F.CrtYd) (width 0.05))
    (fp_line (start -39.03 10.83) (end 39.03 10.83) (layer F.CrtYd) (width 0.05))
    (fp_line (start 38.53 -10.33) (end 38.53 10.33) (layer F.Fab) (width 0.1))
    (fp_line (start -33.3675 -10.33) (end 38.53 -10.33) (layer F.Fab) (width 0.1))
    (fp_line (start 43.75 -6) (end 41.25 -6) (layer F.SilkS) (width 0.12))
    (fp_line (start -38.53 -5.1675) (end -38.53 10.33) (layer F.Fab) (width 0.1))
    (fp_line (start -38.53 10.33) (end 38.53 10.33) (layer F.Fab) (width 0.1))
    (fp_line (start 38.64 -3.44) (end 38.64 -10.42) (layer F.SilkS) (width 0.12))
    (fp_line (start 38.64 -10.44) (end -38.64 -10.44) (layer F.SilkS) (width 0.12))
    (fp_line (start -38.64 -10.44) (end -38.64 -3.44) (layer F.SilkS) (width 0.12))
    (fp_line (start 38.64 3.44) (end 38.64 10.44) (layer F.SilkS) (width 0.12))
    (fp_line (start 38.64 10.44) (end -38.64 10.44) (layer F.SilkS) (width 0.12))
    (fp_line (start -38.64 10.44) (end -38.64 3.44) (layer F.SilkS) (width 0.12))
    (fp_line (start 39.03 10.83) (end 39.03 3.68) (layer F.CrtYd) (width 0.05))
    (fp_line (start 43.5 3.68) (end 43.5 -3.68) (layer F.CrtYd) (width 0.05))
    (fp_line (start -38.64 -3.44) (end -43 -3.44) (layer F.SilkS) (width 0.12))
    (fp_line (start -33.3675 -10.33) (end -38.53 -5.1675) (layer F.Fab) (width 0.1))
    (fp_text user %R (at 0 0) (layer F.Fab)
      (effects (font (size 1 1) (thickness 0.15)))
    )
    (pad 1 smd rect (at -39.33 0) (size 7.34 6.35) (layers F.Cu F.Paste F.Mask)
      (net 3 "Net-(BT2-Pad2)"))
    (pad 2 smd rect (at 39.33 0) (size 7.34 6.35) (layers F.Cu F.Paste F.Mask)
      (net 4 GND))
    (pad "" np_thru_hole circle (at 27.6 -8) (size 3.45 3.45) (drill 3.45) (layers *.Cu *.Mask))
    (pad "" np_thru_hole circle (at -27.6 8) (size 3.45 3.45) (drill 3.45) (layers *.Cu *.Mask))
    (pad "" np_thru_hole circle (at -35.93 -8) (size 2.39 2.39) (drill 2.39) (layers *.Cu *.Mask))
    (model ${KISYS3DMOD}/Battery.3dshapes/BatteryHolder_Keystone_1042_1x18650.wrl
      (at (xyz 0 0 0))
      (scale (xyz 1 1 1))
      (rotate (xyz 0 0 0))
    )
  )

  (module Capacitor_SMD:C_0603_1608Metric (layer F.Cu) (tedit 5F68FEEE) (tstamp 6093D140)
    (at 89 83.25 180)
    (descr "Capacitor SMD 0603 (1608 Metric), square (rectangular) end terminal, IPC_7351 nominal, (Body size source: IPC-SM-782 page 76, https://www.pcb-3d.com/wordpress/wp-content/uploads/ipc-sm-782a_amendment_1_and_2.pdf), generated with kicad-footprint-generator")
    (tags capacitor)
    (path /60BB4A3C)
    (attr smd)
    (fp_text reference C1 (at 2.25 -2) (layer F.SilkS)
      (effects (font (size 0.8 0.8) (thickness 0.15)))
    )
    (fp_text value 2.5 (at 0 1.43) (layer F.Fab)
      (effects (font (size 1 1) (thickness 0.15)))
    )
    (fp_line (start 1.48 0.73) (end -1.48 0.73) (layer F.CrtYd) (width 0.05))
    (fp_line (start 1.48 -0.73) (end 1.48 0.73) (layer F.CrtYd) (width 0.05))
    (fp_line (start -1.48 -0.73) (end 1.48 -0.73) (layer F.CrtYd) (width 0.05))
    (fp_line (start -1.48 0.73) (end -1.48 -0.73) (layer F.CrtYd) (width 0.05))
    (fp_line (start -0.14058 0.51) (end 0.14058 0.51) (layer F.SilkS) (width 0.12))
    (fp_line (start -0.14058 -0.51) (end 0.14058 -0.51) (layer F.SilkS) (width 0.12))
    (fp_line (start 0.8 0.4) (end -0.8 0.4) (layer F.Fab) (width 0.1))
    (fp_line (start 0.8 -0.4) (end 0.8 0.4) (layer F.Fab) (width 0.1))
    (fp_line (start -0.8 -0.4) (end 0.8 -0.4) (layer F.Fab) (width 0.1))
    (fp_line (start -0.8 0.4) (end -0.8 -0.4) (layer F.Fab) (width 0.1))
    (fp_text user %R (at 0 0) (layer F.Fab)
      (effects (font (size 0.4 0.4) (thickness 0.06)))
    )
    (pad 1 smd roundrect (at -0.775 0 180) (size 0.9 0.95) (layers F.Cu F.Paste F.Mask) (roundrect_rratio 0.25)
      (net 5 "Net-(C1-Pad1)"))
    (pad 2 smd roundrect (at 0.775 0 180) (size 0.9 0.95) (layers F.Cu F.Paste F.Mask) (roundrect_rratio 0.25)
      (net 6 "Net-(C1-Pad2)"))
    (model ${KISYS3DMOD}/Capacitor_SMD.3dshapes/C_0603_1608Metric.wrl
      (at (xyz 0 0 0))
      (scale (xyz 1 1 1))
      (rotate (xyz 0 0 0))
    )
  )

  (module Capacitor_SMD:C_0603_1608Metric (layer F.Cu) (tedit 5F68FEEE) (tstamp 6093D151)
    (at 89 85.25)
    (descr "Capacitor SMD 0603 (1608 Metric), square (rectangular) end terminal, IPC_7351 nominal, (Body size source: IPC-SM-782 page 76, https://www.pcb-3d.com/wordpress/wp-content/uploads/ipc-sm-782a_amendment_1_and_2.pdf), generated with kicad-footprint-generator")
    (tags capacitor)
    (path /60BB3FBF)
    (attr smd)
    (fp_text reference C2 (at -2.25 -2) (layer F.SilkS)
      (effects (font (size 0.8 0.8) (thickness 0.15)))
    )
    (fp_text value CP1_Small (at 0 1.43) (layer F.Fab)
      (effects (font (size 1 1) (thickness 0.15)))
    )
    (fp_text user %R (at 0 0) (layer F.Fab)
      (effects (font (size 0.4 0.4) (thickness 0.06)))
    )
    (fp_line (start -0.8 0.4) (end -0.8 -0.4) (layer F.Fab) (width 0.1))
    (fp_line (start -0.8 -0.4) (end 0.8 -0.4) (layer F.Fab) (width 0.1))
    (fp_line (start 0.8 -0.4) (end 0.8 0.4) (layer F.Fab) (width 0.1))
    (fp_line (start 0.8 0.4) (end -0.8 0.4) (layer F.Fab) (width 0.1))
    (fp_line (start -0.14058 -0.51) (end 0.14058 -0.51) (layer F.SilkS) (width 0.12))
    (fp_line (start -0.14058 0.51) (end 0.14058 0.51) (layer F.SilkS) (width 0.12))
    (fp_line (start -1.48 0.73) (end -1.48 -0.73) (layer F.CrtYd) (width 0.05))
    (fp_line (start -1.48 -0.73) (end 1.48 -0.73) (layer F.CrtYd) (width 0.05))
    (fp_line (start 1.48 -0.73) (end 1.48 0.73) (layer F.CrtYd) (width 0.05))
    (fp_line (start 1.48 0.73) (end -1.48 0.73) (layer F.CrtYd) (width 0.05))
    (pad 2 smd roundrect (at 0.775 0) (size 0.9 0.95) (layers F.Cu F.Paste F.Mask) (roundrect_rratio 0.25)
      (net 4 GND))
    (pad 1 smd roundrect (at -0.775 0) (size 0.9 0.95) (layers F.Cu F.Paste F.Mask) (roundrect_rratio 0.25)
      (net 6 "Net-(C1-Pad2)"))
    (model ${KISYS3DMOD}/Capacitor_SMD.3dshapes/C_0603_1608Metric.wrl
      (at (xyz 0 0 0))
      (scale (xyz 1 1 1))
      (rotate (xyz 0 0 0))
    )
  )

  (module Capacitor_SMD:C_0603_1608Metric (layer F.Cu) (tedit 5F68FEEE) (tstamp 6093D162)
    (at 98 75.5 270)
    (descr "Capacitor SMD 0603 (1608 Metric), square (rectangular) end terminal, IPC_7351 nominal, (Body size source: IPC-SM-782 page 76, https://www.pcb-3d.com/wordpress/wp-content/uploads/ipc-sm-782a_amendment_1_and_2.pdf), generated with kicad-footprint-generator")
    (tags capacitor)
    (path /6092AA18)
    (attr smd)
    (fp_text reference C3 (at 0 1.75) (layer F.SilkS)
      (effects (font (size 1 1) (thickness 0.15)))
    )
    (fp_text value "4.7 uF" (at 0 1.43 90) (layer F.Fab)
      (effects (font (size 1 1) (thickness 0.15)))
    )
    (fp_text user %R (at 0 0 90) (layer F.Fab)
      (effects (font (size 0.4 0.4) (thickness 0.06)))
    )
    (fp_line (start -0.8 0.4) (end -0.8 -0.4) (layer F.Fab) (width 0.1))
    (fp_line (start -0.8 -0.4) (end 0.8 -0.4) (layer F.Fab) (width 0.1))
    (fp_line (start 0.8 -0.4) (end 0.8 0.4) (layer F.Fab) (width 0.1))
    (fp_line (start 0.8 0.4) (end -0.8 0.4) (layer F.Fab) (width 0.1))
    (fp_line (start -0.14058 -0.51) (end 0.14058 -0.51) (layer F.SilkS) (width 0.12))
    (fp_line (start -0.14058 0.51) (end 0.14058 0.51) (layer F.SilkS) (width 0.12))
    (fp_line (start -1.48 0.73) (end -1.48 -0.73) (layer F.CrtYd) (width 0.05))
    (fp_line (start -1.48 -0.73) (end 1.48 -0.73) (layer F.CrtYd) (width 0.05))
    (fp_line (start 1.48 -0.73) (end 1.48 0.73) (layer F.CrtYd) (width 0.05))
    (fp_line (start 1.48 0.73) (end -1.48 0.73) (layer F.CrtYd) (width 0.05))
    (pad 2 smd roundrect (at 0.775 0 270) (size 0.9 0.95) (layers F.Cu F.Paste F.Mask) (roundrect_rratio 0.25)
      (net 4 GND))
    (pad 1 smd roundrect (at -0.775 0 270) (size 0.9 0.95) (layers F.Cu F.Paste F.Mask) (roundrect_rratio 0.25)
      (net 7 VCC))
    (model ${KISYS3DMOD}/Capacitor_SMD.3dshapes/C_0603_1608Metric.wrl
      (at (xyz 0 0 0))
      (scale (xyz 1 1 1))
      (rotate (xyz 0 0 0))
    )
  )

  (module Capacitor_SMD:C_0603_1608Metric (layer F.Cu) (tedit 5F68FEEE) (tstamp 6093D173)
    (at 100.5 83.75 270)
    (descr "Capacitor SMD 0603 (1608 Metric), square (rectangular) end terminal, IPC_7351 nominal, (Body size source: IPC-SM-782 page 76, https://www.pcb-3d.com/wordpress/wp-content/uploads/ipc-sm-782a_amendment_1_and_2.pdf), generated with kicad-footprint-generator")
    (tags capacitor)
    (path /6099F305)
    (attr smd)
    (fp_text reference C4 (at 2.75 0 180) (layer F.SilkS)
      (effects (font (size 1 1) (thickness 0.15)))
    )
    (fp_text value "0.1 uF" (at 0 1.43 90) (layer F.Fab)
      (effects (font (size 1 1) (thickness 0.15)))
    )
    (fp_text user %R (at 0 0 90) (layer F.Fab)
      (effects (font (size 0.4 0.4) (thickness 0.06)))
    )
    (fp_line (start -0.8 0.4) (end -0.8 -0.4) (layer F.Fab) (width 0.1))
    (fp_line (start -0.8 -0.4) (end 0.8 -0.4) (layer F.Fab) (width 0.1))
    (fp_line (start 0.8 -0.4) (end 0.8 0.4) (layer F.Fab) (width 0.1))
    (fp_line (start 0.8 0.4) (end -0.8 0.4) (layer F.Fab) (width 0.1))
    (fp_line (start -0.14058 -0.51) (end 0.14058 -0.51) (layer F.SilkS) (width 0.12))
    (fp_line (start -0.14058 0.51) (end 0.14058 0.51) (layer F.SilkS) (width 0.12))
    (fp_line (start -1.48 0.73) (end -1.48 -0.73) (layer F.CrtYd) (width 0.05))
    (fp_line (start -1.48 -0.73) (end 1.48 -0.73) (layer F.CrtYd) (width 0.05))
    (fp_line (start 1.48 -0.73) (end 1.48 0.73) (layer F.CrtYd) (width 0.05))
    (fp_line (start 1.48 0.73) (end -1.48 0.73) (layer F.CrtYd) (width 0.05))
    (pad 2 smd roundrect (at 0.775 0 270) (size 0.9 0.95) (layers F.Cu F.Paste F.Mask) (roundrect_rratio 0.25)
      (net 4 GND))
    (pad 1 smd roundrect (at -0.775 0 270) (size 0.9 0.95) (layers F.Cu F.Paste F.Mask) (roundrect_rratio 0.25)
      (net 5 "Net-(C1-Pad1)"))
    (model ${KISYS3DMOD}/Capacitor_SMD.3dshapes/C_0603_1608Metric.wrl
      (at (xyz 0 0 0))
      (scale (xyz 1 1 1))
      (rotate (xyz 0 0 0))
    )
  )

  (module Capacitor_SMD:C_0603_1608Metric (layer F.Cu) (tedit 5F68FEEE) (tstamp 6093D184)
    (at 100.75 78.25 180)
    (descr "Capacitor SMD 0603 (1608 Metric), square (rectangular) end terminal, IPC_7351 nominal, (Body size source: IPC-SM-782 page 76, https://www.pcb-3d.com/wordpress/wp-content/uploads/ipc-sm-782a_amendment_1_and_2.pdf), generated with kicad-footprint-generator")
    (tags capacitor)
    (path /6092EF4F)
    (attr smd)
    (fp_text reference C5 (at 2 0) (layer F.SilkS)
      (effects (font (size 0.75 0.75) (thickness 0.15)))
    )
    (fp_text value "0.1 uF" (at 0 1.43) (layer F.Fab)
      (effects (font (size 1 1) (thickness 0.15)))
    )
    (fp_text user %R (at 0 0) (layer F.Fab)
      (effects (font (size 0.4 0.4) (thickness 0.06)))
    )
    (fp_line (start -0.8 0.4) (end -0.8 -0.4) (layer F.Fab) (width 0.1))
    (fp_line (start -0.8 -0.4) (end 0.8 -0.4) (layer F.Fab) (width 0.1))
    (fp_line (start 0.8 -0.4) (end 0.8 0.4) (layer F.Fab) (width 0.1))
    (fp_line (start 0.8 0.4) (end -0.8 0.4) (layer F.Fab) (width 0.1))
    (fp_line (start -0.14058 -0.51) (end 0.14058 -0.51) (layer F.SilkS) (width 0.12))
    (fp_line (start -0.14058 0.51) (end 0.14058 0.51) (layer F.SilkS) (width 0.12))
    (fp_line (start -1.48 0.73) (end -1.48 -0.73) (layer F.CrtYd) (width 0.05))
    (fp_line (start -1.48 -0.73) (end 1.48 -0.73) (layer F.CrtYd) (width 0.05))
    (fp_line (start 1.48 -0.73) (end 1.48 0.73) (layer F.CrtYd) (width 0.05))
    (fp_line (start 1.48 0.73) (end -1.48 0.73) (layer F.CrtYd) (width 0.05))
    (pad 2 smd roundrect (at 0.775 0 180) (size 0.9 0.95) (layers F.Cu F.Paste F.Mask) (roundrect_rratio 0.25)
      (net 4 GND))
    (pad 1 smd roundrect (at -0.775 0 180) (size 0.9 0.95) (layers F.Cu F.Paste F.Mask) (roundrect_rratio 0.25)
      (net 8 "Net-(C5-Pad1)"))
    (model ${KISYS3DMOD}/Capacitor_SMD.3dshapes/C_0603_1608Metric.wrl
      (at (xyz 0 0 0))
      (scale (xyz 1 1 1))
      (rotate (xyz 0 0 0))
    )
  )

  (module Capacitor_SMD:C_0603_1608Metric (layer F.Cu) (tedit 5F68FEEE) (tstamp 6093D195)
    (at 106.725 75)
    (descr "Capacitor SMD 0603 (1608 Metric), square (rectangular) end terminal, IPC_7351 nominal, (Body size source: IPC-SM-782 page 76, https://www.pcb-3d.com/wordpress/wp-content/uploads/ipc-sm-782a_amendment_1_and_2.pdf), generated with kicad-footprint-generator")
    (tags capacitor)
    (path /60B812E2)
    (attr smd)
    (fp_text reference C6 (at -2.475 0) (layer F.SilkS)
      (effects (font (size 1 1) (thickness 0.15)))
    )
    (fp_text value "10 uF" (at 0 1.43) (layer F.Fab)
      (effects (font (size 1 1) (thickness 0.15)))
    )
    (fp_line (start 1.48 0.73) (end -1.48 0.73) (layer F.CrtYd) (width 0.05))
    (fp_line (start 1.48 -0.73) (end 1.48 0.73) (layer F.CrtYd) (width 0.05))
    (fp_line (start -1.48 -0.73) (end 1.48 -0.73) (layer F.CrtYd) (width 0.05))
    (fp_line (start -1.48 0.73) (end -1.48 -0.73) (layer F.CrtYd) (width 0.05))
    (fp_line (start -0.14058 0.51) (end 0.14058 0.51) (layer F.SilkS) (width 0.12))
    (fp_line (start -0.14058 -0.51) (end 0.14058 -0.51) (layer F.SilkS) (width 0.12))
    (fp_line (start 0.8 0.4) (end -0.8 0.4) (layer F.Fab) (width 0.1))
    (fp_line (start 0.8 -0.4) (end 0.8 0.4) (layer F.Fab) (width 0.1))
    (fp_line (start -0.8 -0.4) (end 0.8 -0.4) (layer F.Fab) (width 0.1))
    (fp_line (start -0.8 0.4) (end -0.8 -0.4) (layer F.Fab) (width 0.1))
    (fp_text user %R (at 0 0) (layer F.Fab)
      (effects (font (size 0.4 0.4) (thickness 0.06)))
    )
    (pad 1 smd roundrect (at -0.775 0) (size 0.9 0.95) (layers F.Cu F.Paste F.Mask) (roundrect_rratio 0.25)
      (net 8 "Net-(C5-Pad1)"))
    (pad 2 smd roundrect (at 0.775 0) (size 0.9 0.95) (layers F.Cu F.Paste F.Mask) (roundrect_rratio 0.25)
      (net 4 GND))
    (model ${KISYS3DMOD}/Capacitor_SMD.3dshapes/C_0603_1608Metric.wrl
      (at (xyz 0 0 0))
      (scale (xyz 1 1 1))
      (rotate (xyz 0 0 0))
    )
  )

  (module Capacitor_SMD:C_0603_1608Metric (layer F.Cu) (tedit 5F68FEEE) (tstamp 6093D1A6)
    (at 101.5 73.75 90)
    (descr "Capacitor SMD 0603 (1608 Metric), square (rectangular) end terminal, IPC_7351 nominal, (Body size source: IPC-SM-782 page 76, https://www.pcb-3d.com/wordpress/wp-content/uploads/ipc-sm-782a_amendment_1_and_2.pdf), generated with kicad-footprint-generator")
    (tags capacitor)
    (path /60B36ABE)
    (attr smd)
    (fp_text reference C7 (at 2.25 0 180) (layer F.SilkS)
      (effects (font (size 1 1) (thickness 0.15)))
    )
    (fp_text value "0.022 uF" (at 0 1.43 90) (layer F.Fab)
      (effects (font (size 1 1) (thickness 0.15)))
    )
    (fp_line (start 1.48 0.73) (end -1.48 0.73) (layer F.CrtYd) (width 0.05))
    (fp_line (start 1.48 -0.73) (end 1.48 0.73) (layer F.CrtYd) (width 0.05))
    (fp_line (start -1.48 -0.73) (end 1.48 -0.73) (layer F.CrtYd) (width 0.05))
    (fp_line (start -1.48 0.73) (end -1.48 -0.73) (layer F.CrtYd) (width 0.05))
    (fp_line (start -0.14058 0.51) (end 0.14058 0.51) (layer F.SilkS) (width 0.12))
    (fp_line (start -0.14058 -0.51) (end 0.14058 -0.51) (layer F.SilkS) (width 0.12))
    (fp_line (start 0.8 0.4) (end -0.8 0.4) (layer F.Fab) (width 0.1))
    (fp_line (start 0.8 -0.4) (end 0.8 0.4) (layer F.Fab) (width 0.1))
    (fp_line (start -0.8 -0.4) (end 0.8 -0.4) (layer F.Fab) (width 0.1))
    (fp_line (start -0.8 0.4) (end -0.8 -0.4) (layer F.Fab) (width 0.1))
    (fp_text user %R (at 0 0 90) (layer F.Fab)
      (effects (font (size 0.4 0.4) (thickness 0.06)))
    )
    (pad 1 smd roundrect (at -0.775 0 90) (size 0.9 0.95) (layers F.Cu F.Paste F.Mask) (roundrect_rratio 0.25)
      (net 9 "Net-(C7-Pad1)"))
    (pad 2 smd roundrect (at 0.775 0 90) (size 0.9 0.95) (layers F.Cu F.Paste F.Mask) (roundrect_rratio 0.25)
      (net 10 "Net-(C7-Pad2)"))
    (model ${KISYS3DMOD}/Capacitor_SMD.3dshapes/C_0603_1608Metric.wrl
      (at (xyz 0 0 0))
      (scale (xyz 1 1 1))
      (rotate (xyz 0 0 0))
    )
  )

  (module Capacitor_SMD:C_0603_1608Metric (layer F.Cu) (tedit 5F68FEEE) (tstamp 6093D1B7)
    (at 113 80.5 180)
    (descr "Capacitor SMD 0603 (1608 Metric), square (rectangular) end terminal, IPC_7351 nominal, (Body size source: IPC-SM-782 page 76, https://www.pcb-3d.com/wordpress/wp-content/uploads/ipc-sm-782a_amendment_1_and_2.pdf), generated with kicad-footprint-generator")
    (tags capacitor)
    (path /60A9B2F7)
    (attr smd)
    (fp_text reference C8 (at 0 -1.75) (layer F.SilkS)
      (effects (font (size 1 1) (thickness 0.15)))
    )
    (fp_text value "10 uF" (at 0 1.43) (layer F.Fab)
      (effects (font (size 1 1) (thickness 0.15)))
    )
    (fp_line (start 1.48 0.73) (end -1.48 0.73) (layer F.CrtYd) (width 0.05))
    (fp_line (start 1.48 -0.73) (end 1.48 0.73) (layer F.CrtYd) (width 0.05))
    (fp_line (start -1.48 -0.73) (end 1.48 -0.73) (layer F.CrtYd) (width 0.05))
    (fp_line (start -1.48 0.73) (end -1.48 -0.73) (layer F.CrtYd) (width 0.05))
    (fp_line (start -0.14058 0.51) (end 0.14058 0.51) (layer F.SilkS) (width 0.12))
    (fp_line (start -0.14058 -0.51) (end 0.14058 -0.51) (layer F.SilkS) (width 0.12))
    (fp_line (start 0.8 0.4) (end -0.8 0.4) (layer F.Fab) (width 0.1))
    (fp_line (start 0.8 -0.4) (end 0.8 0.4) (layer F.Fab) (width 0.1))
    (fp_line (start -0.8 -0.4) (end 0.8 -0.4) (layer F.Fab) (width 0.1))
    (fp_line (start -0.8 0.4) (end -0.8 -0.4) (layer F.Fab) (width 0.1))
    (fp_text user %R (at 0 0) (layer F.Fab)
      (effects (font (size 0.4 0.4) (thickness 0.06)))
    )
    (pad 1 smd roundrect (at -0.775 0 180) (size 0.9 0.95) (layers F.Cu F.Paste F.Mask) (roundrect_rratio 0.25)
      (net 1 "Net-(BT1-Pad1)"))
    (pad 2 smd roundrect (at 0.775 0 180) (size 0.9 0.95) (layers F.Cu F.Paste F.Mask) (roundrect_rratio 0.25)
      (net 4 GND))
    (model ${KISYS3DMOD}/Capacitor_SMD.3dshapes/C_0603_1608Metric.wrl
      (at (xyz 0 0 0))
      (scale (xyz 1 1 1))
      (rotate (xyz 0 0 0))
    )
  )

  (module Diode_SMD:D_0603_1608Metric (layer F.Cu) (tedit 5F68FEF0) (tstamp 6093D1CA)
    (at 99.75 75.4625 270)
    (descr "Diode SMD 0603 (1608 Metric), square (rectangular) end terminal, IPC_7351 nominal, (Body size source: http://www.tortai-tech.com/upload/download/2011102023233369053.pdf), generated with kicad-footprint-generator")
    (tags diode)
    (path /6093D4E4)
    (attr smd)
    (fp_text reference D1 (at -2.2125 0 180) (layer F.SilkS)
      (effects (font (size 1 1) (thickness 0.15)))
    )
    (fp_text value D_Schottky_Small_ALT (at 0 1.43 90) (layer F.Fab)
      (effects (font (size 1 1) (thickness 0.15)))
    )
    (fp_line (start 1.48 0.73) (end -1.48 0.73) (layer F.CrtYd) (width 0.05))
    (fp_line (start 1.48 -0.73) (end 1.48 0.73) (layer F.CrtYd) (width 0.05))
    (fp_line (start -1.48 -0.73) (end 1.48 -0.73) (layer F.CrtYd) (width 0.05))
    (fp_line (start -1.48 0.73) (end -1.48 -0.73) (layer F.CrtYd) (width 0.05))
    (fp_line (start -1.485 0.735) (end 0.8 0.735) (layer F.SilkS) (width 0.12))
    (fp_line (start -1.485 -0.735) (end -1.485 0.735) (layer F.SilkS) (width 0.12))
    (fp_line (start 0.8 -0.735) (end -1.485 -0.735) (layer F.SilkS) (width 0.12))
    (fp_line (start 0.8 0.4) (end 0.8 -0.4) (layer F.Fab) (width 0.1))
    (fp_line (start -0.8 0.4) (end 0.8 0.4) (layer F.Fab) (width 0.1))
    (fp_line (start -0.8 -0.1) (end -0.8 0.4) (layer F.Fab) (width 0.1))
    (fp_line (start -0.5 -0.4) (end -0.8 -0.1) (layer F.Fab) (width 0.1))
    (fp_line (start 0.8 -0.4) (end -0.5 -0.4) (layer F.Fab) (width 0.1))
    (fp_text user %R (at 0 0 90) (layer F.Fab)
      (effects (font (size 0.4 0.4) (thickness 0.06)))
    )
    (pad 1 smd roundrect (at -0.7875 0 270) (size 0.875 0.95) (layers F.Cu F.Paste F.Mask) (roundrect_rratio 0.25)
      (net 9 "Net-(C7-Pad1)"))
    (pad 2 smd roundrect (at 0.7875 0 270) (size 0.875 0.95) (layers F.Cu F.Paste F.Mask) (roundrect_rratio 0.25)
      (net 7 VCC))
    (model ${KISYS3DMOD}/Diode_SMD.3dshapes/D_0603_1608Metric.wrl
      (at (xyz 0 0 0))
      (scale (xyz 1 1 1))
      (rotate (xyz 0 0 0))
    )
  )

  (module LED_SMD:LED-APA102-2020 (layer F.Cu) (tedit 5CADBF17) (tstamp 6093D1EA)
    (at 109 88.5)
    (descr http://www.led-color.com/upload/201604/APA102-2020%20SMD%20LED.pdf)
    (tags "LED RGB SPI")
    (path /60A41AFA)
    (attr smd)
    (fp_text reference D2 (at 0 2.75) (layer F.SilkS)
      (effects (font (size 1 1) (thickness 0.15)))
    )
    (fp_text value LED (at 0 -2) (layer F.Fab)
      (effects (font (size 1 1) (thickness 0.15)))
    )
    (fp_line (start 1.5 1.4) (end 0.5 1.4) (layer F.CrtYd) (width 0.05))
    (fp_line (start -0.5 1.4) (end -1.5 1.4) (layer F.CrtYd) (width 0.05))
    (fp_line (start -1.5 -1.4) (end -0.5 -1.4) (layer F.CrtYd) (width 0.05))
    (fp_line (start 0.5 -1.4) (end 1.5 -1.4) (layer F.CrtYd) (width 0.05))
    (fp_line (start 0.5 -1.58) (end 0.5 -1.4) (layer F.CrtYd) (width 0.05))
    (fp_line (start -0.5 -1.58) (end 0.5 -1.58) (layer F.CrtYd) (width 0.05))
    (fp_line (start -0.5 -1.4) (end -0.5 -1.58) (layer F.CrtYd) (width 0.05))
    (fp_line (start 0.5 1.58) (end 0.5 1.4) (layer F.CrtYd) (width 0.05))
    (fp_line (start -0.5 1.58) (end 0.5 1.58) (layer F.CrtYd) (width 0.05))
    (fp_line (start -0.5 1.4) (end -0.5 1.58) (layer F.CrtYd) (width 0.05))
    (fp_line (start -1.5 -1.4) (end -1.5 1.4) (layer F.CrtYd) (width 0.05))
    (fp_line (start -1 0.5) (end -0.5 1) (layer F.Fab) (width 0.1))
    (fp_line (start -1.2 1.4) (end -0.5 1.4) (layer F.SilkS) (width 0.12))
    (fp_line (start 1.5 -1.4) (end 1.5 1.4) (layer F.CrtYd) (width 0.05))
    (fp_line (start -1 0.5) (end -1 -1) (layer F.Fab) (width 0.1))
    (fp_line (start 1 1) (end -0.5 1) (layer F.Fab) (width 0.1))
    (fp_line (start 1 -1) (end 1 1) (layer F.Fab) (width 0.1))
    (fp_line (start -1 -1) (end 1 -1) (layer F.Fab) (width 0.1))
    (fp_text user %R (at 0 0) (layer F.Fab)
      (effects (font (size 0.3 0.3) (thickness 0.07)))
    )
    (pad 1 smd rect (at -0.85 -0.9) (size 0.8 0.5) (layers F.Cu F.Paste F.Mask)
      (net 11 /*SMBALERT))
    (pad 2 smd rect (at -0.85 0) (size 0.8 0.3) (layers F.Cu F.Paste F.Mask)
      (net 12 VDD))
    (pad 3 smd rect (at -0.85 0.9) (size 0.8 0.5) (layers F.Cu F.Paste F.Mask))
    (pad 5 smd rect (at 0.85 0) (size 0.8 0.3) (layers F.Cu F.Paste F.Mask))
    (pad 4 smd rect (at 0.85 0.9) (size 0.8 0.5) (layers F.Cu F.Paste F.Mask))
    (pad 6 smd rect (at 0.85 -0.9) (size 0.8 0.5) (layers F.Cu F.Paste F.Mask))
    (pad 1 smd rect (at 0 -0.83 90) (size 1 0.5) (layers F.Cu F.Paste F.Mask)
      (net 11 /*SMBALERT))
    (pad 6 smd rect (at 0 0.59 90) (size 1.48 0.5) (layers F.Cu F.Paste F.Mask))
    (model ${KISYS3DMOD}/LED_SMD.3dshapes/LED-APA102-2020.wrl
      (at (xyz 0 0 0))
      (scale (xyz 1 1 1))
      (rotate (xyz 0 0 0))
    )
  )

  (module Package_TO_SOT_SMD:TDSON-8-1 (layer F.Cu) (tedit 5D9B6805) (tstamp 6093D28B)
    (at 94.75 80.5)
    (descr "Power MOSFET package, TDSON-8-1, 5.15x5.9mm (https://www.infineon.com/cms/en/product/packages/PG-TDSON/PG-TDSON-8-1/)")
    (tags "tdson ")
    (path /6095F2A1)
    (attr smd)
    (fp_text reference Q1 (at 0 -3.5) (layer F.SilkS)
      (effects (font (size 1 1) (thickness 0.15)))
    )
    (fp_text value FDMS86152 (at 0 3.5) (layer F.Fab)
      (effects (font (size 1 1) (thickness 0.15)))
    )
    (fp_line (start 3.06 -2.385) (end 3.06 -2.685) (layer F.SilkS) (width 0.12))
    (fp_line (start 3.06 2.385) (end 3.06 2.685) (layer F.SilkS) (width 0.12))
    (fp_line (start -3.06 2.335) (end -3.06 2.685) (layer F.SilkS) (width 0.12))
    (fp_line (start 3.06 -2.685) (end -3.06 -2.685) (layer F.SilkS) (width 0.12))
    (fp_line (start -1.95 -2.575) (end -2.95 -1.575) (layer F.Fab) (width 0.1))
    (fp_line (start 3.06 2.685) (end -3.06 2.685) (layer F.SilkS) (width 0.12))
    (fp_line (start 3.58 2.83) (end 3.58 -2.83) (layer F.CrtYd) (width 0.05))
    (fp_line (start 3.58 -2.83) (end -3.58 -2.83) (layer F.CrtYd) (width 0.05))
    (fp_line (start -3.58 -2.83) (end -3.58 2.83) (layer F.CrtYd) (width 0.05))
    (fp_line (start -3.58 2.83) (end 3.58 2.83) (layer F.CrtYd) (width 0.05))
    (fp_line (start 2.95 -2.575) (end 2.95 2.575) (layer F.Fab) (width 0.1))
    (fp_line (start 2.95 2.575) (end -2.95 2.575) (layer F.Fab) (width 0.1))
    (fp_line (start -2.95 2.575) (end -2.95 -1.575) (layer F.Fab) (width 0.1))
    (fp_line (start -1.95 -2.575) (end 2.95 -2.575) (layer F.Fab) (width 0.1))
    (fp_text user %R (at 0 0) (layer F.Fab)
      (effects (font (size 1 1) (thickness 0.15)))
    )
    (pad 1 smd rect (at -2.9 -1.905) (size 0.85 0.5) (layers F.Cu F.Paste F.Mask)
      (net 5 "Net-(C1-Pad1)") (solder_paste_margin -0.05))
    (pad 2 smd rect (at -2.9 -0.635) (size 0.85 0.5) (layers F.Cu F.Paste F.Mask)
      (net 5 "Net-(C1-Pad1)") (solder_paste_margin -0.05))
    (pad 3 smd rect (at -2.9 0.635) (size 0.85 0.5) (layers F.Cu F.Paste F.Mask)
      (net 5 "Net-(C1-Pad1)") (solder_paste_margin -0.05))
    (pad 4 smd rect (at -2.9 1.905) (size 0.85 0.5) (layers F.Cu F.Paste F.Mask)
      (net 14 "Net-(Q1-Pad4)") (solder_paste_margin -0.05))
    (pad "" smd rect (at 1.5 -0.85) (size 1.5 1.5) (layers F.Paste))
    (pad "" smd rect (at 1.5 0.85) (size 1.5 1.5) (layers F.Paste))
    (pad "" smd rect (at -0.2 -0.85) (size 1.5 1.5) (layers F.Paste))
    (pad "" smd rect (at -0.2 0.85) (size 1.5 1.5) (layers F.Paste))
    (pad 5 smd rect (at 1.05 0) (size 4.55 4.41) (layers F.Cu)
      (net 15 "Net-(Q1-Pad5)"))
    (pad "" smd rect (at 2.905 -1.905) (size 0.75 0.5) (layers F.Paste))
    (pad "" smd rect (at 2.905 -0.635) (size 0.75 0.5) (layers F.Paste))
    (pad "" smd rect (at 2.905 0.635) (size 0.75 0.5) (layers F.Paste))
    (pad "" smd rect (at 2.905 1.905) (size 0.75 0.5) (layers F.Paste))
    (pad "" smd custom (at 0.65 0) (size 3.75 4.41) (layers F.Mask)
      (zone_connect 0)
      (options (clearance outline) (anchor rect))
      (primitives
        (gr_poly (pts
           (xy 1.875 -2.205) (xy 2.675 -2.205) (xy 2.675 -1.605) (xy 1.875 -1.605)) (width 0))
        (gr_poly (pts
